transaction_id,amount,is_fraud
1,2193.07,0
2,4961.94,0
3,1429.28,0
5,4421.16,0
6,651.99,0
7,1857.17,0
8,976.57,0
9,2230.74,0
10,3490.6,1
11,1678.73,0
13,2684.98,0
14,104.59,0
15,2965.79,1
16,4347.41,0
17,651.1,0
19,928.85,0
20,4248.09,0
21,3781.79,0
22,2225.32,0
23,4409.31,0
24,4861.48,0
25,1548.96,0
26,1939.72,0
27,3565.31,0
28,976.08,0
30,3796.31,0
31,1087.22,0
32,4897.62,0
33,4705.68,0
35,310.86,0
36,1886.5,0
37,1390.74,0
38,3746.12,0
39,4124.84,0
41,3782.48,0
42,897.16,0
43,4786.55,0
44,4562.67,0
45,3893.01,0
46,1254.53,0
47,1529.6,0
48,2686.06,0
49,1643.29,0
50,926.31,0
51,4521.53,0
52,4500.44,0
53,2462.17,0
54,1644.75,0
55,1256.52,0
56,1698.88,1
57,3124.85,0
58,2076.55,0
59,81.39,0
60,286.97,0
63,3800.18,0
64,2423.8,0
65,2526.59,0
66,3650.61,0
67,2588.23,0
68,325.28,0
69,3956.33,0
70,2516.59,0
71,4287.08,0
72,2758.73,0
73,1148.76,0
74,4500.37,0
75,319.82,0
76,511.81,0
77,4315.24,0
78,2616.82,0
79,1746.24,0
80,3709.68,1
84,1167.23,0
85,1487.19,0
86,2097.49,0
87,2655.52,0
88,1974.76,0
89,3012.23,0
90,1008.42,0
91,3305.47,0
92,4492.51,0
93,3670.22,0
94,4805.27,1
95,858.1,0
96,1323.97,1
97,1220.46,0
98,277.38,0
99,643.82,0
100,2963.14,0
101,1740.99,0
102,1021.22,0
103,3658.68,0
104,2588.12,0
105,4476.74,0
106,3999.09,0
107,3243.31,0
108,2629.34,0
109,4783.54,0
110,1321.53,0
111,2015.53,0
112,1608.83,0
113,3234.16,0
114,459.29,0
116,2918.18,0
117,2445.38,0
119,829.23,0
120,2035.73,0
121,2125.27,0
122,4598.03,0
124,3374.17,0
125,4053.18,0
126,784.26,0
127,1194.2,0
128,2161.0,0
129,1934.04,0
130,3640.06,0
132,3543.46,0
133,1517.84,0
134,4131.74,0
135,1193.57,0
137,773.19,0
138,2426.38,0
139,576.15,0
140,2376.77,0
142,4214.1,0
143,2076.25,0
144,4187.98,0
146,2317.39,0
148,1681.52,0
149,4505.62,0
151,2164.9,0
152,1505.93,0
153,3470.69,0
154,3719.5,0
155,2938.56,0
156,2770.05,0
158,1443.64,0
159,3677.31,0
160,2209.17,0
161,4349.35,0
162,4923.75,0
163,834.3,0
164,1000.11,0
165,3999.98,1
166,807.46,0
167,2830.51,0
168,364.26,0
170,2174.38,0
171,3759.37,0
172,4007.26,0
173,3590.38,0
174,2221.54,0
175,4458.71,0
177,137.35,0
180,4254.7,0
181,1176.65,0
182,1292.34,0
183,624.31,0
184,395.61,0
185,1866.2,0
186,4094.92,0
187,828.2,0
188,4611.17,0
190,3348.98,0
191,4036.82,0
192,4958.83,0
193,1037.24,0
194,2535.5,0
195,4601.05,0
196,65.98,0
197,269.75,0
198,1653.63,0
199,93.25,0
201,812.3,0
202,1814.0,0
204,4757.66,0
206,4025.15,0
207,3388.09,0
208,3325.16,0
209,3556.0,0
210,3493.94,0
211,237.05,0
212,4264.73,0
213,4120.24,0
214,1243.96,0
215,4378.67,0
216,139.95,0
217,4752.57,1
218,1172.19,0
219,671.77,0
220,196.66,0
221,3638.99,0
222,3271.42,0
224,3937.64,0
225,286.69,0
226,2130.05,0
227,3950.3,0
228,4500.32,0
230,2719.73,0
231,513.16,0
232,4420.21,0
233,2138.91,1
234,1737.63,0
235,3273.1,0
237,1502.98,0
238,522.14,0
239,3900.98,0
240,4375.85,0
241,2919.02,0
242,2811.28,0
243,4446.87,0
244,2712.82,0
245,2582.16,0
246,4856.7,0
247,4401.88,1
248,1932.13,0
249,1380.14,0
250,2843.06,0
252,2417.24,0
253,148.52,0
254,2739.96,0
255,3430.08,0
257,1683.13,0
258,2192.86,0
259,3001.56,0
260,1275.52,0
261,2183.14,0
262,1876.24,0
263,19.0,0
264,2217.17,0
266,1536.94,0
267,494.27,0
271,3862.84,0
272,463.08,0
273,4391.26,0
275,2762.09,0
276,4822.93,0
278,2568.64,0
279,1234.33,0
280,398.6,0
283,1384.74,0
284,2217.03,1
285,74.58,0
286,2652.75,0
288,4551.88,0
289,89.58,0
290,4408.33,0
291,3126.71,0
292,1199.73,0
293,4220.04,0
295,3602.08,0
297,4863.73,0
298,2546.52,0
299,4174.86,0
301,730.38,0
302,4238.05,0
303,3473.81,0
304,4072.51,1
305,596.09,0
306,3382.46,1
307,2126.04,0
308,702.65,0
309,1253.73,0
310,4388.16,0
311,4833.74,0
312,806.97,0
313,2959.7,0
314,1316.21,0
315,2505.95,0
316,3784.26,0
317,1411.36,0
318,235.52,0
319,436.96,0
320,1076.94,0
321,3975.44,0
322,1255.74,0
323,1045.56,0
324,3472.55,0
325,400.52,0
326,1045.93,0
327,2718.18,0
328,4249.01,0
329,2278.81,0
330,143.31,0
333,2860.17,0
334,338.32,0
335,1209.74,0
336,3414.25,0
337,940.64,0
338,4795.07,0
339,3114.59,0
340,442.38,0
341,4010.39,0
342,2073.48,0
343,2108.0,0
344,1295.43,0
345,2806.43,0
346,2637.91,0
347,4683.34,0
348,1922.31,0
349,3040.89,1
350,2198.7,0
351,4769.68,0
352,2883.06,0
353,1149.72,0
354,3357.06,1
355,441.63,0
356,2825.57,1
357,3539.26,0
358,1546.39,0
359,2029.59,0
360,2201.33,0
361,1875.38,0
362,3584.05,0
363,1826.79,0
364,4925.32,0
365,268.65,0
366,2630.13,0
367,2154.04,0
368,3098.82,0
369,1589.43,0
370,1237.85,0
371,38.52,0
372,3661.54,0
373,3027.42,0
374,2037.18,0
375,902.27,0
377,3950.27,0
378,3361.8,0
379,1575.49,0
382,2977.17,0
383,1808.99,0
384,3973.78,0
385,3608.81,0
386,887.55,0
387,207.46,0
388,966.62,0
389,3387.05,0
390,4156.88,0
391,4069.12,0
392,1225.88,0
393,4008.43,0
394,4185.0,0
395,1076.27,0
396,2999.72,0
397,25.49,0
398,3568.62,0
399,3372.75,0
404,4924.3,0
405,813.05,0
406,1362.42,0
407,3574.87,0
408,121.01,0
409,3512.67,0
410,3994.19,0
411,2919.18,1
412,53.23,0
414,4047.05,0
415,1544.12,0
416,4764.56,0
417,968.93,0
418,4422.6,0
419,2463.98,1
420,2257.92,0
421,3923.34,0
422,2495.13,0
423,1792.65,0
424,1084.43,0
426,3186.36,0
427,1526.09,0
428,2120.92,0
429,3984.04,0
430,1672.33,0
431,2521.72,0
432,3959.41,0
433,3166.6,0
437,2215.62,1
438,1718.21,0
439,3361.9,0
440,3615.83,0
441,4156.57,0
442,81.77,0
444,588.95,0
445,1411.36,0
446,4555.7,0
447,2375.98,1
448,3662.55,0
449,4315.8,0
450,4631.63,0
451,449.33,0
452,3643.4,0
454,4638.98,0
456,3437.62,0
457,1558.96,0
458,3656.37,0
459,120.0,0
460,820.57,0
461,4354.03,1
462,4061.99,0
464,4195.99,0
465,4709.83,0
466,540.92,0
467,532.56,0
468,4191.09,0
470,733.05,0
471,1274.68,0
472,3864.82,0
474,3740.48,0
475,3201.47,0
477,4016.71,1
478,251.32,0
480,2098.62,0
482,2282.09,0
483,3515.02,0
484,2034.22,0
485,2917.74,0
487,4859.92,0
488,3887.86,0
489,1532.13,0
493,1144.05,0
494,2157.26,0
495,149.36,1
496,1764.85,0
497,809.54,0
498,1524.21,0
501,1843.23,0
502,3909.31,0
503,2033.21,0
504,1217.02,0
506,4097.2,0
507,4427.53,0
509,1913.1,0
510,725.82,0
511,751.66,0
512,3057.25,0
514,2547.89,0
515,1415.02,0
516,1808.29,0
517,3730.02,0
518,177.32,1
519,2738.15,0
520,2206.37,0
521,947.08,0
522,852.28,0
523,2748.55,0
524,1121.7,0
526,4847.28,0
527,2288.42,0
528,949.23,0
529,4973.58,0
530,3111.91,0
532,4418.06,0
533,2828.09,0
534,1172.85,0
535,1619.32,0
537,3191.64,0
538,2956.49,0
541,437.36,0
543,4542.44,0
544,811.52,0
545,4927.12,0
546,1510.63,0
547,2326.18,1
548,2503.14,0
549,4155.64,0
550,3140.27,0
551,3320.77,0
552,2923.73,0
553,2471.13,0
554,1018.95,0
555,4967.89,0
556,2486.14,0
557,3399.49,0
560,940.2,0
561,4421.65,0
562,679.01,0
563,2209.93,0
565,3362.76,0
566,547.95,0
567,3561.45,0
568,4478.16,0
569,529.51,0
570,4931.62,0
571,3406.81,0
572,1179.14,0
573,598.7,0
574,386.73,0
576,4867.2,0
579,2010.54,0
581,812.25,0
582,3839.41,0
585,4558.71,0
586,4062.92,0
587,3171.31,0
588,1373.3,0
589,1007.71,0
590,3400.38,0
591,419.98,0
592,4732.47,0
593,3833.81,0
594,3196.0,0
595,4867.35,1
596,3484.75,0
597,2047.86,0
598,3756.43,0
599,899.1,0
600,2374.91,0
601,2465.86,0
602,1485.97,0
603,2396.66,0
604,1190.59,0
605,3268.32,0
606,1354.7,0
608,4539.58,0
609,1763.91,0
610,2750.51,0
611,1004.68,0
612,3276.35,0
614,750.04,1
615,1932.06,0
616,2476.66,0
617,4701.39,0
618,4677.05,0
620,3257.4,0
621,2366.68,1
622,4332.34,0
623,410.79,0
624,2772.68,0
625,3340.83,0
626,1768.42,0
629,4884.09,0
630,2482.24,0
631,3810.17,0
632,2989.61,0
633,3118.1,0
634,367.63,0
635,730.93,0
636,172.94,0
637,708.97,0
639,4164.39,0
640,4090.65,0
643,3136.92,0
644,4719.05,0
646,2061.95,1
647,3716.22,0
648,444.09,0
649,1413.63,0
650,2112.41,0
652,1983.31,0
653,3456.08,0
655,4139.99,0
656,2190.65,0
657,887.08,0
658,4368.17,0
659,3878.36,0
660,1466.17,0
662,3941.69,0
663,4023.19,0
664,3830.53,0
666,513.27,0
667,1487.81,1
669,143.34,0
670,875.16,0
671,3079.28,0
672,638.98,0
673,3516.46,0
674,4520.89,0
675,745.01,0
676,2009.64,0
677,3803.99,0
678,4151.65,0
679,623.62,0
680,2376.37,0
681,3605.66,0
682,1722.74,1
683,2343.39,0
685,702.3,0
687,3667.94,0
688,3790.51,0
689,730.56,0
690,4090.77,1
691,1813.27,0
692,1728.11,0
693,235.99,1
694,4347.45,0
695,1950.31,0
697,2563.19,0
698,2362.62,0
700,4587.79,0
701,742.04,0
702,812.51,0
703,3499.24,0
704,4784.22,0
705,3179.48,0
706,3576.18,0
707,430.66,0
708,2683.05,0
709,172.3,0
710,3255.08,0
712,4602.73,0
713,4975.8,1
714,2846.03,0
715,2009.28,1
716,503.75,0
718,2549.42,1
719,3818.09,0
720,3448.03,0
722,322.99,0
723,3595.64,0
725,1785.85,0
726,40.41,0
727,4104.88,0
729,2597.43,1
730,3062.83,0
731,4336.97,0
732,2599.97,0
733,2113.13,0
734,4951.64,0
735,1691.03,0
737,4830.81,0
738,2363.04,1
740,523.75,0
741,1710.62,0
743,1340.72,0
744,332.31,0
745,1477.29,0
746,353.79,0
747,65.24,0
749,4280.01,0
750,247.6,0
751,3069.63,0
753,1399.31,0
754,3520.94,0
756,1681.09,0
757,2082.44,0
758,2798.16,0
761,2551.29,0
762,2301.26,0
763,1538.76,0
764,1971.54,0
765,1265.64,0
766,4743.98,0
767,1367.23,0
768,775.62,0
769,1439.83,0
770,2518.58,0
771,1404.21,0
772,3935.87,0
773,779.3,0
774,3186.3,0
775,2712.17,0
777,4283.46,0
779,2802.65,0
780,1143.87,0
781,2345.58,1
782,4181.28,0
783,2234.55,0
784,1469.3,0
785,84.93,0
786,3712.55,0
787,4317.29,0
788,3940.99,0
789,4381.42,0
790,1537.08,0
792,4609.14,0
793,2301.41,0
794,1883.35,0
795,1999.8,1
796,4616.15,0
797,2281.68,0
799,2273.86,0
800,4717.46,0
801,4175.78,0
803,4752.74,0
804,3359.47,0
805,3235.64,0
806,2763.28,0
807,2347.14,0
808,2713.52,0
809,1067.46,0
810,4774.66,0
812,2448.21,0
813,3565.74,0
814,1562.61,0
816,3002.55,0
817,3214.72,0
818,599.24,0
819,3192.25,0
820,3663.61,0
821,4172.32,0
823,544.68,0
826,3404.87,0
827,4733.61,0
828,4954.45,0
830,2300.48,0
831,3582.7,0
832,1818.73,0
833,3260.67,0
834,4804.34,0
835,3728.55,0
836,3378.35,0
837,180.55,0
838,2818.37,0
839,3552.68,0
840,4811.21,0
841,2098.36,0
842,2748.17,0
843,4968.78,0
844,870.74,1
845,3535.12,0
847,3060.86,0
848,3429.39,0
849,249.63,0
850,35.89,0
851,3869.21,0
852,2632.78,0
853,2896.95,0
854,3013.19,0
855,1942.67,0
856,3838.41,0
858,2202.58,0
859,2024.57,0
861,1576.81,0
862,1809.43,0
863,4031.61,0
864,947.41,0
865,1224.24,0
866,1886.52,0
867,754.62,0
869,4609.25,0
870,2771.2,0
871,4015.34,0
872,2932.93,0
874,387.56,1
875,4332.29,0
876,2260.99,1
877,4245.32,0
878,1067.31,0
879,1207.75,0
880,2602.58,0
881,2948.73,0
883,4092.14,0
884,2073.73,0
885,740.18,0
886,4370.97,0
887,845.84,0
888,1022.01,0
889,318.15,0
890,2455.37,0
891,968.32,0
893,4674.74,0
894,1536.72,0
895,385.44,0
896,272.68,0
898,2609.72,0
899,2269.47,0
900,1631.33,0
902,4024.36,0
903,324.32,0
904,4834.78,1
905,344.08,0
906,2526.19,0
907,693.35,0
908,3377.05,0
909,4404.53,0
911,4846.37,0
912,4306.15,1
913,2370.01,0
914,4877.91,0
915,2611.42,0
916,409.22,0
918,4010.38,0
919,2587.46,1
920,265.74,0
921,4265.43,0
922,866.11,0
923,2893.28,0
924,4073.2,0
925,1707.11,0
926,183.53,0
927,1079.35,0
928,2204.97,0
929,2232.42,0
930,1427.12,0
931,1646.76,0
932,2040.03,0
934,3404.31,0
935,3019.39,0
936,1782.97,0
937,3849.89,0
938,3385.29,0
939,4010.05,0
940,4815.66,0
941,2405.4,0
942,3196.02,0
943,677.7,0
944,3187.41,0
945,4163.48,0
946,3191.18,0
947,942.01,0
948,1122.84,0
949,2182.91,0
950,1143.43,1
951,3250.9,0
952,924.85,0
953,3134.49,0
954,4426.2,0
955,2144.71,0
956,372.65,0
957,1402.95,0
958,1527.73,0
959,1918.0,0
960,2437.19,0
961,1039.26,0
962,126.54,0
965,3260.67,0
966,2691.28,0
967,2173.41,0
968,1514.51,0
969,3578.23,0
970,3038.39,0
972,1463.37,0
973,2063.77,0
974,3799.26,0
975,2763.5,0
976,2376.46,0
977,2195.15,0
978,871.17,0
979,4023.46,0
980,577.12,0
981,2950.02,0
982,888.97,0
983,2302.28,0
984,324.48,0
985,3050.46,0
986,389.86,0
987,1156.93,0
988,943.33,0
989,3915.33,0
990,533.37,0
991,4173.02,1
992,2332.06,0
995,4588.96,0
996,4603.26,0
997,4371.2,0
998,2618.97,0
999,1748.46,0
1000,1039.61,0
1002,255.42,0
1003,2798.05,0
1004,1143.72,0
1005,974.57,0
1006,463.02,0
1008,2116.4,0
1009,2037.81,0
1010,2629.6,0
1013,1748.92,0
1014,1128.53,0
1015,4721.53,0
1016,3361.62,0
1017,4436.08,0
1018,4817.43,1
1019,4090.83,0
1020,3106.11,0
1021,4039.42,0
1023,3531.0,0
1024,1724.74,0
1025,1732.6,0
1026,2951.3,0
1028,116.38,0
1029,4382.49,0
1030,1780.88,0
1031,2336.72,0
1032,144.33,0
1033,1682.33,1
1034,2864.02,0
1036,1185.5,0
1038,598.95,0
1039,4463.93,0
1040,94.05,0
1041,4249.39,0
1042,1590.34,0
1043,747.5,0
1044,2959.97,0
1045,3090.67,0
1046,3415.98,0
1047,2996.07,0
1048,1753.78,0
1049,4334.67,1
1050,3693.81,0
1053,4773.18,0
1054,1932.52,0
1055,2980.57,0
1056,3724.72,1
1057,405.12,1
1058,4974.64,0
1059,4882.62,0
1060,3967.98,0
1062,953.63,0
1063,11.97,0
1064,1492.21,1
1065,1978.15,0
1066,3320.42,0
1067,2192.15,0
1068,3720.43,0
1069,4829.74,0
1070,4213.07,0
1071,3645.2,0
1072,1571.13,0
1073,756.98,1
1074,389.9,0
1075,258.09,0
1076,200.51,0
1078,3023.21,0
1079,3345.02,0
1080,1882.92,0
1081,4708.36,0
1082,1135.15,0
1083,3130.59,0
1084,443.26,0
1085,803.02,0
1086,2485.56,0
1088,1014.07,0
1091,776.0,1
1092,2430.02,0
1093,2120.25,0
1094,4072.83,1
1095,1635.33,0
1096,4538.65,0
1098,717.39,0
1099,1242.93,0
1100,3943.48,0
1101,638.85,0
1102,1855.37,0
1103,1692.37,0
1104,2614.29,0
1105,4433.39,0
1106,2072.11,0
1107,4764.97,0
1108,4010.22,0
1109,3937.58,0
1110,1039.7,0
1111,4600.07,0
1112,3295.07,0
1113,1499.22,0
1114,225.71,0
1115,1484.65,0
1117,3383.71,0
1118,2610.89,0
1119,3825.09,0
1120,1330.83,0
1122,3199.79,0
1123,4300.08,0
1124,2685.68,0
1125,954.79,0
1126,3922.52,0
1127,1217.76,0
1129,2836.55,0
1130,3983.72,0
1131,2246.03,0
1132,1354.79,0
1134,1915.64,0
1135,920.12,0
1136,3998.14,0
1137,374.32,0
1138,2038.73,0
1139,3551.88,0
1141,4775.67,0
1142,4653.66,0
1143,1897.34,0
1144,1861.1,0
1145,1094.07,0
1146,3652.62,0
1147,4055.42,0
1148,3069.72,0
1149,2223.8,0
1152,152.7,0
1154,3829.07,0
1155,4440.31,0
1157,1984.57,0
1158,444.27,0
1159,369.93,0
1160,3348.27,0
1163,1510.11,0
1164,71.62,0
1165,3970.23,0
1168,582.65,0
1169,153.27,0
1170,1796.19,0
1171,3681.21,0
1172,729.42,0
1174,706.71,0
1175,2346.91,0
1176,2657.92,0
1177,4638.09,0
1178,1247.63,0
1179,4037.74,0
1181,2549.82,0
1182,2718.1,0
1183,3556.02,0
1184,4605.34,0
1185,2380.5,0
1186,2028.94,0
1187,4453.08,0
1189,1262.22,0
1190,3927.73,1
1191,4309.15,0
1193,2232.06,0
1194,3024.58,0
1195,4064.4,0
1196,850.68,0
1197,1424.92,1
1200,1487.2,0
1201,4692.0,0
1203,3463.41,0
1205,1046.91,0
1206,4823.61,0
1207,4748.09,0
1208,2619.15,1
1209,3284.45,0
1210,3100.14,0
1211,1465.86,0
1212,3764.92,0
1213,1070.7,0
1216,2462.37,0
1217,258.08,0
1218,1292.07,0
1219,4072.36,0
1220,1074.05,0
1221,1539.85,0
1222,578.23,0
1223,2070.48,0
1224,609.83,0
1226,918.53,0
1227,1159.63,0
1228,4737.02,0
1229,3582.07,0
1230,4644.02,0
1231,4101.57,0
1232,2519.44,0
1233,2592.31,1
1234,1902.67,0
1235,2631.44,0
1236,2072.53,0
1237,4758.34,0
1238,2931.11,0
1239,198.52,0
1240,655.17,0
1241,2891.33,0
1242,4893.52,0
1243,3334.68,0
1244,1322.26,0
1245,334.6,0
1246,2092.24,0
1247,1230.45,0
1248,1268.59,0
1249,4398.53,0
1250,4917.29,0
1251,1279.53,0
1252,2971.18,0
1253,315.59,0
1254,28.8,0
1255,251.1,0
1256,2754.85,0
1257,1506.0,0
1259,1823.43,0
1260,1270.79,0
1261,4469.89,0
1262,4170.41,0
1263,2774.91,0
1264,2581.1,0
1265,180.73,0
1266,3867.78,0
1267,2539.21,0
1268,3057.49,0
1269,1981.31,0
1270,1772.33,0
1271,971.5,0
1272,2262.47,0
1273,3201.55,0
1275,4107.28,0
1276,2901.44,0
1279,3643.74,0
1281,3647.18,0
1282,2612.08,0
1283,3257.69,0
1284,3171.03,0
1285,575.69,0
1287,4516.59,0
1288,2514.64,0
1289,2349.99,0
1290,1409.59,0
1291,754.43,0
1292,1396.1,0
1293,4414.38,1
1294,1701.78,0
1295,2865.08,0
1296,3154.57,1
1297,3373.83,0
1298,3743.62,0
1299,1691.24,0
1300,123.03,0
1301,4671.89,0
1302,2928.06,0
1304,1385.01,0
1305,371.3,0
1306,2693.1,0
1307,707.09,0
1309,2830.75,0
1310,2537.48,1
1311,126.57,1
1312,3635.38,1
1313,2242.12,0
1314,3101.48,0
1315,1512.11,0
1316,280.61,0
1317,505.09,0
1318,3507.1,0
1320,3939.5,0
1321,3090.82,0
1323,1092.1,0
1324,3684.24,0
1325,2034.63,0
1326,3053.42,0
1327,3794.16,0
1329,4009.75,0
1330,94.26,0
1331,2450.48,0
1332,4078.84,0
1333,562.83,0
1334,2046.59,0
1335,913.4,0
1336,140.29,0
1337,335.36,0
1340,3375.29,0
1342,960.28,0
1344,3517.89,0
1345,583.83,0
1346,1841.33,0
1348,1543.93,0
1350,416.81,0
1351,733.72,0
1353,3200.16,0
1357,4778.3,0
1358,3302.42,0
1359,3218.99,0
1360,694.84,1
1361,4429.71,0
1362,3929.84,0
1363,2982.84,0
1364,1654.66,0
1365,3608.49,0
1366,3298.61,0
1367,3872.46,0
1368,1527.72,0
1369,344.57,0
1370,3771.87,0
1372,4528.47,0
1373,4528.86,0
1374,2796.22,0
1375,1500.85,0
1376,2587.82,0
1377,545.99,0
1378,1140.97,0
1381,1572.1,0
1382,4942.42,0
1383,4308.12,1
1384,3743.92,0
1385,4979.15,0
1386,4701.15,0
1388,2717.86,0
1389,2996.51,0
1390,2629.32,1
1391,3194.0,0
1392,971.47,0
1393,3629.02,0
1394,816.31,0
1395,1888.34,0
1396,2498.92,0
1397,2098.73,0
1398,3193.91,0
1399,758.73,0
1401,2729.5,0
1402,2903.36,0
1404,3714.19,0
1405,4613.48,0
1406,742.66,0
1407,1941.8,0
1408,4073.39,0
1409,210.17,0
1411,2338.83,0
1412,2065.63,0
1413,3010.07,0
1414,1993.76,0
1415,2889.4,0
1416,1401.41,0
1417,1364.64,0
1418,2834.56,0
1419,1111.66,0
1420,4387.45,1
1421,4683.84,1
1422,4074.46,0
1423,1348.53,0
1424,929.21,0
1425,885.97,0
1426,3002.86,0
1427,1032.17,0
1428,1151.42,0
1429,2317.29,0
1430,4463.15,0
1431,2793.16,0
1432,586.09,0
1433,813.94,0
1434,2480.82,0
1435,4596.79,0
1436,2047.47,0
1437,2518.09,0
1438,754.88,0
1439,579.4,0
1440,4492.99,0
1442,4313.97,0
1444,4286.96,0
1445,4060.18,1
1446,4199.66,0
1447,3975.13,1
1448,931.26,0
1449,156.28,0
1450,702.77,0
1452,1653.08,0
1454,2927.89,0
1455,4542.93,0
1456,2091.34,0
1457,4522.01,0
1458,1890.3,0
1459,2395.29,0
1460,345.76,0
1461,19.17,0
1462,4710.76,1
1463,3673.79,1
1464,2466.75,0
1465,2764.31,0
1466,4262.4,0
1467,3695.58,0
1468,69.67,0
1469,441.7,0
1471,784.76,0
1472,3349.69,0
1474,984.84,0
1475,1424.0,0
1476,3219.16,0
1477,538.95,0
1478,2502.55,0
1479,4472.48,0
1480,841.68,0
1481,2127.69,0
1482,3534.89,0
1483,4625.35,0
1484,2349.99,0
1485,1370.49,0
1486,16.61,0
1488,2070.94,0
1489,737.55,0
1490,2999.24,0
1491,3984.67,0
1492,1678.99,0
1494,4618.03,0
1495,1228.93,0
1496,2989.19,0
1498,558.15,0
1499,2730.31,0
1500,435.94,0
1501,1843.52,0
1502,4496.68,0
1503,1743.21,0
1504,1322.98,0
1505,1973.23,0
1506,2681.4,0
1507,4396.23,0
1508,4780.02,0
1509,3351.15,0
1510,915.98,0
1511,4096.87,0
1512,4625.9,0
1513,524.18,0
1514,454.01,0
1515,3583.36,1
1516,437.61,0
1517,3833.29,1
1518,3677.21,0
1519,494.18,0
1520,888.55,0
1521,1697.74,0
1522,3387.7,0
1523,3534.51,0
1524,3662.83,0
1525,1516.51,0
1526,3176.37,0
1528,1804.83,0
1529,3908.3,0
1530,412.99,0
1531,2100.77,0
1532,966.47,0
1533,2053.37,0
1534,3520.51,0
1536,338.0,0
1537,3019.8,0
1538,3274.57,0
1539,2688.47,0
1540,573.46,0
1541,1951.27,0
1543,4512.35,0
1544,1919.75,0
1545,4688.13,0
1546,3358.08,0
1548,3746.16,0
1549,4436.35,0
1550,4175.72,0
1551,616.55,0
1552,343.48,0
1553,478.41,0
1555,1113.73,0
1556,1430.6,0
1557,178.94,0
1558,581.07,0
1560,2671.28,0
1561,927.22,1
1562,4457.29,0
1563,2677.91,0
1564,4659.91,0
1565,947.11,0
1567,3179.18,0
1568,2517.6,0
1571,3818.72,0
1572,2895.08,0
1573,148.24,0
1574,3635.35,0
1576,4011.51,0
1577,4432.0,0
1578,1199.39,0
1579,33.97,0
1580,4942.23,0
1582,1417.94,0
1583,474.83,1
1584,2651.38,0
1585,4894.95,0
1586,2956.59,0
1587,1900.47,0
1588,3208.64,0
1589,3258.0,0
1590,2898.91,0
1592,3034.01,0
1593,4957.74,1
1594,4289.04,0
1595,469.47,0
1597,3736.03,0
1599,125.13,1
1600,3930.27,0
1601,1409.26,0
1602,2306.52,0
1603,1716.7,0
1604,1327.56,0
1605,346.15,1
1606,1531.3,0
1607,2569.86,0
1608,2935.12,0
1609,1188.25,0
1610,4754.61,0
1611,2869.15,0
1612,3379.99,0
1613,775.47,0
1614,2523.87,0
1615,2848.48,1
1616,4322.59,0
1617,753.74,0
1619,136.66,0
1620,4963.47,0
1621,4951.27,0
1623,117.82,0
1624,2514.34,0
1625,257.88,0
1626,1699.9,0
1627,4839.58,0
1628,3346.82,0
1629,4197.33,1
1630,138.27,0
1631,2802.15,0
1632,2430.2,0
1633,4149.7,0
1634,3410.19,0
1635,2559.05,0
1637,3037.97,0
1638,4485.82,1
1640,1132.46,0
1641,3459.26,0
1642,528.66,0
1643,3544.86,0
1644,218.21,0
1645,1052.59,0
1647,3346.04,0
1648,4468.51,0
1649,4199.47,0
1650,721.92,0
1651,1477.51,0
1653,1013.94,0
1654,2330.63,0
1655,620.43,0
1656,3175.29,0
1657,2091.72,0
1658,3020.48,0
1659,3443.91,0
1660,1829.38,0
1662,4100.47,0
1663,4538.04,0
1664,628.49,0
1665,4742.53,0
1666,1969.53,0
1667,4184.7,0
1668,2341.73,0
1669,1613.4,0
1670,371.9,0
1671,322.83,0
1672,1078.84,0
1673,2083.88,0
1674,2412.88,0
1675,1553.3,1
1676,3093.42,0
1677,3217.84,0
1678,116.83,0
1679,438.01,0
1680,2285.79,0
1681,3396.77,0
1683,1087.72,0
1684,400.58,0
1685,65.18,0
1686,2571.3,0
1687,4738.25,0
1688,1938.47,0
1689,2972.76,0
1690,1922.69,0
1692,8.92,0
1693,3529.44,0
1695,4495.34,0
1696,279.12,0
1697,3910.81,0
1698,1046.58,1
1699,338.31,0
1700,3825.14,0
1702,4667.8,0
1703,3978.68,0
1704,1672.39,0
1705,2860.3,0
1706,1547.68,0
1707,3714.51,0
1709,1044.28,0
1710,491.92,1
1712,2988.51,0
1713,2014.62,1
1714,2326.53,0
1715,2003.87,0
1716,3633.37,0
1718,4474.26,0
1720,4525.23,0
1721,2983.04,0
1722,1918.16,0
1723,681.15,0
1724,4415.02,0
1726,1124.05,0
1728,4686.84,0
1730,621.51,0
1733,1005.82,0
1734,830.35,1
1735,573.02,0
1736,1187.61,0
1737,2161.54,0
1738,2183.52,0
1739,1354.21,0
1740,881.89,0
1741,1971.82,0
1742,1650.7,0
1744,2874.91,0
1745,2590.86,0
1746,1612.01,1
1747,631.56,0
1748,2302.69,1
1749,4890.74,0
1751,4845.52,0
1752,3785.48,0
1753,1592.79,0
1754,3806.33,0
1755,1824.74,0
1756,1403.79,0
1758,1835.19,0
1759,3030.61,1
1761,3022.61,0
1762,93.97,1
1767,2658.45,0
1768,1817.62,0
1769,4732.28,0
1771,1300.81,0
1772,2179.15,0
1773,4651.11,0
1774,3216.45,0
1775,582.49,0
1776,3502.72,0
1777,1861.99,0
1778,2600.6,0
1779,1335.39,0
1780,753.71,0
1781,3706.56,0
1782,3553.76,0
1783,1861.36,0
1784,4394.73,0
1785,2813.52,0
1786,1900.58,0
1787,2734.79,0
1788,4787.08,0
1789,3173.59,0
1790,1059.69,0
1791,4964.54,0
1792,4372.18,0
1793,4198.52,0
1794,3781.58,0
1795,459.06,0
1796,4883.16,1
1797,336.06,0
1798,183.54,0
1800,1021.76,0
1803,2229.31,0
1804,2737.55,0
1805,2943.5,0
1806,524.52,0
1807,3693.01,0
1808,3859.16,0
1809,35.83,0
1813,4892.45,0
1814,2341.25,0
1815,852.86,0
1816,4215.6,0
1818,4288.11,0
1820,1303.15,0
1821,2852.12,0
1822,4026.08,0
1823,2524.73,0
1824,2476.38,0
1825,4791.39,0
1826,2141.88,0
1828,2082.02,0
1829,1264.81,0
1830,2746.82,0
1831,1670.38,0
1832,342.41,0
1833,1961.12,0
1834,4861.61,0
1835,3456.84,0
1836,3173.61,0
1837,443.72,0
1839,4378.18,0
1841,2858.51,0
1842,2393.59,0
1843,2434.39,0
1844,164.35,0
1845,4815.63,0
1846,2875.86,1
1847,186.45,0
1848,206.31,0
1850,183.1,0
1852,354.67,0
1854,1079.63,0
1855,2728.07,0
1856,3875.93,0
1857,3921.51,0
1859,1007.07,0
1860,910.36,0
1861,3133.3,0
1862,602.45,0
1863,2189.41,0
1864,3337.5,0
1865,2889.29,0
1866,4960.18,0
1868,2631.36,0
1869,1569.26,0
1870,4050.09,0
1872,4372.44,0
1874,2545.55,0
1877,651.79,0
1879,4985.43,0
1880,2223.61,0
1881,4211.2,0
1882,2048.56,0
1883,2287.41,0
1884,3454.12,0
1885,3604.8,0
1886,1304.86,0
1887,4600.76,1
1888,3584.13,0
1889,4810.53,0
1890,4198.54,0
1891,4946.76,0
1892,2281.41,0
1893,2399.29,0
1894,2592.88,0
1898,3469.02,0
1899,4219.24,0
1900,3134.69,0
1901,4810.68,0
1903,907.62,0
1904,1699.41,0
1905,4261.68,0
1907,1950.75,0
1908,84.48,1
1910,1268.24,0
1911,2672.96,0
1912,831.75,0
1913,3436.67,0
1914,3859.41,0
1915,3713.27,0
1916,2518.72,0
1918,1694.76,0
1919,2400.6,0
1921,1945.88,0
1922,1047.88,0
1923,1085.06,0
1924,2966.33,0
1925,4220.99,0
1926,724.94,0
1927,2042.58,0
1929,250.83,0
1930,3208.48,0
1931,3735.03,0
1932,2459.89,0
1933,1580.83,0
1934,3585.08,0
1935,1439.19,0
1936,3319.91,1
1937,1858.17,0
1938,1402.45,0
1939,4592.66,1
1940,1977.59,0
1941,2329.8,0
1943,1236.78,0
1944,2147.75,0
1945,1301.14,0
1946,4997.33,0
1947,4565.09,0
1948,1357.81,0
1949,1760.37,0
1950,3481.55,0
1951,600.5,0
1953,113.51,0
1954,1386.76,0
1956,1334.74,0
1957,1224.13,0
1958,1413.06,0
1959,4469.64,0
1960,1874.27,0
1961,3053.67,0
1962,3409.58,0
1963,1121.91,0
1964,1827.11,0
1965,3982.38,0
1966,3094.14,0
1967,4554.82,1
1968,572.67,0
1969,3468.58,1
1971,104.62,0
1972,212.76,0
1973,1138.84,0
1974,2267.84,0
1975,982.64,0
1977,594.03,0
1978,4915.75,0
1981,4544.43,0
1982,835.96,0
1983,2911.86,0
1984,1763.31,0
1986,3892.54,0
1987,105.13,0
1989,1221.39,0
1990,696.78,0
1991,4608.08,0
1992,1112.13,0
1993,4154.16,0
1994,3629.54,0
1995,4502.71,0
1996,4065.1,0
1997,4613.92,0
1998,4826.72,0
1999,1723.94,0
2000,3353.31,0
