transaction_id,amount,is_fraud
1,4433.81,0
2,2094.18,0
3,3682.71,0
4,1920.96,0
5,2045.4,1
6,2892.07,0
7,-522.06,0
8,4671.64,0
9,-89.01,0
10,291.43,0
11,4032.35,0
12,3188.91,0
13,2777.07,0
14,4082.68,0
15,4293.71,0
16,-505.72,0
17,437.26,0
18,2170.72,0
19,-886.62,0
20,4707.7,0
21,1003.82,0
22,-336.62,0
23,409.59,0
24,3341.44,0
25,462.5,0
26,1237.54,0
27,877.6,0
28,1723.27,0
29,1410.56,0
30,3414.7,0
31,1587.0,0
32,4959.32,0
33,2349.87,0
34,835.07,0
35,2829.5,0
36,-599.81,0
37,3211.72,0
38,790.56,0
39,2527.56,0
40,4668.44,0
41,2894.32,0
42,984.22,0
43,1446.76,0
44,4390.16,1
45,2113.01,0
46,-133.07,0
47,-626.73,0
48,711.77,0
49,2521.23,0
50,3057.88,0
51,547.53,0
52,394.75,0
53,4074.14,0
54,1490.55,0
55,4179.35,0
56,54.28,0
57,-989.29,0
58,1014.48,0
59,696.11,0
60,1032.93,0
61,2389.81,0
62,258.59,0
63,-711.45,0
64,484.88,0
65,1351.99,0
66,2422.58,0
67,-556.91,0
68,4143.41,0
69,2552.73,0
70,2864.04,0
71,1668.07,0
72,1584.5,0
73,2302.92,0
74,4112.85,0
75,4003.91,0
76,186.93,0
77,1136.84,0
78,3968.8,0
79,4329.95,0
80,2905.48,0
81,3100.52,0
82,1754.76,0
83,-838.39,0
84,1691.89,0
85,1707.26,0
86,934.64,0
87,2244.67,0
88,2158.54,0
89,238.33,0
90,3072.14,0
91,520.65,0
92,538.99,0
93,412.56,0
94,547.48,0
95,1585.58,0
96,3473.95,0
97,4511.02,0
98,-635.37,0
99,2616.1,0
100,2194.67,0
101,2471.45,0
102,51.59,0
103,4908.69,0
104,2412.62,0
105,3471.43,0
106,4057.95,0
107,2037.69,0
108,4045.04,0
109,900.53,0
110,4469.2,0
111,3590.85,0
112,2344.27,0
113,210.11,0
114,2259.06,0
115,4255.45,0
116,4524.14,0
117,2155.4,0
118,300.53,1
119,3141.13,0
120,3388.56,0
121,1338.11,0
122,1884.86,0
123,3410.91,0
124,2361.53,0
125,180.78,0
126,3621.76,0
127,4353.34,0
128,593.02,0
129,4323.11,0
130,1354.12,1
131,542.18,0
132,4397.81,0
133,1395.08,0
134,1153.33,0
135,4563.62,0
136,3456.35,0
137,3440.11,0
138,1136.0,0
139,3156.11,0
140,1787.9,0
141,2239.17,0
142,3606.73,0
143,-713.15,0
144,4712.69,0
145,2052.36,0
146,-41.66,0
147,-412.39,0
148,4485.46,0
149,-502.18,0
150,1949.98,0
151,3057.6,1
152,3418.62,0
153,114.09,0
154,2025.11,0
155,4875.53,1
156,2038.36,0
157,1376.89,0
158,1789.78,0
159,2921.68,1
160,3037.93,0
161,2821.48,0
162,-21.19,0
163,3358.55,0
164,2308.33,0
165,2119.82,1
166,1825.36,0
167,4123.26,0
168,3375.94,0
169,2280.58,0
170,1870.26,0
171,4638.45,0
172,359.02,0
173,2902.4,1
174,1817.31,0
175,4725.28,0
176,1869.05,0
177,-774.88,1
178,2977.66,0
179,431.42,0
180,2883.76,0
181,145.89,0
182,-807.75,0
183,338.2,0
184,-579.82,0
185,383.26,1
186,-462.14,0
187,1169.26,0
188,2035.43,0
189,2591.58,0
190,3802.25,0
191,45.44,0
192,-15.01,0
193,3208.38,1
194,3754.26,0
195,443.84,0
196,4277.65,0
197,2724.69,0
198,1812.05,0
199,67.38,0
200,466.7,0
201,4427.97,0
202,2441.02,0
203,-660.73,0
204,2379.92,0
205,3805.76,0
206,1061.45,0
207,152.69,0
208,2761.36,0
209,-799.68,0
210,1796.01,0
211,3637.16,0
212,4548.9,0
213,4527.61,0
214,4225.5,0
215,911.73,1
216,3598.69,0
217,35.57,0
218,4359.24,0
219,2395.03,0
220,1870.33,0
221,2501.05,1
222,481.48,1
223,3282.97,0
224,3782.17,0
225,2011.4,0
226,1077.81,0
227,3055.8,0
228,3531.11,0
229,1576.68,0
230,-148.73,0
231,-443.06,0
232,919.41,0
233,780.66,0
234,2869.49,0
235,-557.77,0
236,2159.48,0
237,3126.61,1
238,-4.24,0
239,4536.85,0
240,-804.0,0
241,2083.3,0
242,360.51,0
243,3630.74,0
244,4744.92,0
245,3757.17,0
246,3706.13,0
247,4550.85,0
248,1752.4,0
249,2061.56,0
250,2759.5,0
251,3841.87,0
252,-508.68,0
253,756.02,0
254,4520.23,0
255,3731.09,0
256,4516.54,0
257,-379.04,0
258,465.28,0
259,1140.86,0
260,-378.52,0
261,2121.04,0
262,3567.4,0
263,4983.38,0
264,4145.63,0
265,4220.06,0
266,968.7,0
267,1619.3,0
268,1160.69,0
269,637.81,1
270,4474.09,0
271,4154.07,0
272,2732.99,0
273,4602.44,0
274,-437.57,0
275,-417.55,0
276,-547.97,0
277,3480.09,0
278,26.7,0
279,579.29,0
280,2667.55,0
281,3369.93,0
282,216.78,0
283,-397.19,0
284,2425.75,0
285,1931.46,0
286,4474.28,0
287,2785.85,0
288,359.09,0
289,2445.2,0
290,3409.68,0
291,1714.05,0
292,12.84,0
293,2276.9,0
294,3553.85,0
295,1921.37,0
296,665.09,0
297,4873.93,0
298,4651.12,0
299,-794.74,1
300,3199.62,0
301,4445.34,0
302,2936.12,1
303,-873.91,0
304,4477.88,0
305,3450.66,0
306,2150.84,0
307,4579.54,0
308,-87.84,0
309,3057.08,0
310,4774.13,0
311,404.66,0
312,-602.7,0
313,-632.79,0
314,1876.3,0
315,-869.78,0
316,-825.56,0
317,3599.27,0
318,1059.02,0
319,-138.21,0
320,1336.6,0
321,2304.68,0
322,2488.95,0
323,952.82,0
324,4948.36,0
325,3731.02,0
326,516.67,0
327,1374.59,0
328,4577.09,0
329,-351.34,0
330,692.48,0
331,1948.8,0
332,2882.16,1
333,-256.81,0
334,2789.24,0
335,2202.73,1
336,531.12,0
337,4423.03,1
338,2007.74,1
339,4031.11,0
340,2374.55,0
341,1481.01,0
342,2681.42,0
343,3977.19,0
344,3196.0,1
345,3685.75,1
346,3057.94,0
347,-140.87,0
348,326.21,0
349,3644.94,0
350,394.42,0
351,4397.89,0
352,3158.65,1
353,1330.73,0
354,1116.06,0
355,4755.17,0
356,1840.34,0
357,3102.08,0
358,2853.85,0
359,946.45,0
360,-425.91,0
361,3054.82,0
362,430.08,0
363,4988.46,0
364,3165.04,1
365,437.74,0
366,4686.06,0
367,1616.74,0
368,-61.75,0
369,3409.54,0
370,4822.5,0
371,1860.79,0
372,1336.15,0
373,4925.01,0
374,974.42,0
375,2128.59,0
376,393.98,0
377,773.68,0
378,3853.79,0
379,1351.82,0
380,2971.79,0
381,2541.91,0
382,4332.36,0
383,2650.58,0
384,3560.87,0
385,4859.35,0
386,477.5,1
387,-326.29,0
388,185.42,0
389,1563.63,0
390,3933.41,0
391,2428.49,0
392,2746.98,1
393,835.39,0
394,75.13,0
395,1506.07,0
396,66.99,0
397,1635.01,0
398,4561.61,0
399,-927.92,1
400,4696.77,0
401,3770.62,0
402,4281.14,0
403,2917.64,0
404,4833.19,0
405,1749.97,0
406,-318.23,0
407,755.86,0
408,4684.9,0
409,1153.55,0
410,1450.49,0
411,1683.74,0
412,774.55,0
413,562.69,0
414,-675.05,0
415,-199.8,0
416,4116.01,0
417,1770.09,0
418,80.37,0
419,140.69,0
420,-152.93,0
421,-19.57,0
422,-591.75,0
423,122.3,1
424,303.48,0
425,2018.87,0
426,4479.37,0
427,270.42,0
428,3065.14,0
429,2456.39,0
430,4172.39,0
431,3357.74,0
432,1757.1,0
433,475.21,0
434,2432.3,0
435,2050.45,0
436,3018.37,0
437,1155.8,0
438,-383.27,0
439,1792.47,0
440,4535.73,1
441,1132.97,0
442,3827.68,0
443,1432.65,0
444,4438.08,0
445,4163.12,0
446,2355.9,0
447,780.52,0
448,2278.21,0
449,3702.11,0
450,2542.29,0
451,4695.74,0
452,3797.91,0
453,-564.75,0
454,4587.91,0
455,1706.03,0
456,4483.8,0
457,4541.39,0
458,-47.76,0
459,4805.56,0
460,551.11,0
461,3670.44,0
462,3735.56,0
463,2129.82,0
464,1219.87,0
465,3730.3,0
466,3661.15,0
467,2061.53,0
468,4654.67,0
469,2422.23,0
470,3249.24,0
471,414.02,1
472,4113.32,0
473,4154.89,0
474,3084.98,0
475,4604.47,0
476,1727.14,0
477,3235.09,0
478,4452.38,0
479,2904.69,0
480,3073.75,0
481,-648.37,0
482,3472.55,0
483,2979.24,0
484,-868.62,0
485,1564.02,0
486,554.65,0
487,1935.13,0
488,4518.57,0
489,-242.27,0
490,4597.91,0
491,3141.88,0
492,566.27,0
493,2712.55,0
494,4095.97,0
495,4459.56,0
496,201.58,0
497,3251.23,0
498,686.12,1
499,-13.65,0
500,3406.79,0
501,4902.61,0
502,2638.43,0
503,540.07,0
504,3998.17,0
505,931.98,0
506,4702.34,0
507,-752.64,0
508,597.09,0
509,4266.91,1
510,814.56,0
511,3073.3,0
512,1254.18,0
513,2087.92,0
514,2481.82,0
515,1265.43,0
516,2195.23,0
517,840.86,0
518,4.34,0
519,1585.21,0
520,3758.97,1
521,4738.27,0
522,4283.34,0
523,2383.85,0
524,3051.05,0
525,1028.87,0
526,2538.58,0
527,1602.44,0
528,4932.66,0
529,2858.0,0
530,2442.61,0
531,2888.68,0
532,-435.59,1
533,-123.39,0
534,1889.49,0
535,4746.21,0
536,-180.3,0
537,4191.13,0
538,3105.81,0
539,1003.27,0
540,1742.83,1
541,967.15,0
542,464.2,0
543,4680.36,0
544,2106.94,0
545,227.26,0
546,2810.44,0
547,1715.05,0
548,1269.71,0
549,1467.04,0
550,634.74,0
551,278.6,0
552,274.13,0
553,-68.91,0
554,3855.77,0
555,3563.34,0
556,4538.72,0
557,964.5,0
558,821.76,0
559,152.09,0
560,3875.94,0
561,-483.01,0
562,-821.37,0
563,3101.57,0
564,4035.16,0
565,771.14,0
566,2902.09,0
567,2180.36,0
568,2280.42,0
569,1885.4,0
570,2891.46,0
571,-667.82,0
572,3180.92,1
573,2952.17,0
574,-55.39,1
575,4592.47,0
576,811.61,1
577,-215.65,0
578,249.71,0
579,1280.14,0
580,2313.01,0
581,2373.07,0
582,3295.9,0
583,-497.96,0
584,1905.1,0
585,-155.99,0
586,610.94,0
587,3030.25,0
588,-892.57,0
589,-260.16,0
590,4676.97,0
591,2761.98,0
592,1551.4,0
593,3501.38,0
594,3734.11,0
595,-480.07,0
596,-25.23,0
597,557.0,0
598,2132.33,0
599,1471.49,0
600,4209.81,0
601,1719.86,0
602,2124.23,0
603,4475.0,1
604,1287.11,0
605,-653.84,0
606,3620.0,0
607,4473.8,0
608,3370.41,0
609,3041.79,0
610,1952.36,0
611,-72.51,0
612,24.48,0
613,2423.92,0
614,1059.57,0
615,531.1,0
616,3918.16,0
617,-316.28,0
618,3643.07,0
619,3929.68,0
620,3061.73,1
621,4029.91,0
622,424.75,0
623,937.51,0
624,-814.56,0
625,1803.61,0
626,4774.51,0
627,2752.22,0
628,-924.48,0
629,-365.43,0
630,1934.07,0
631,3973.84,0
632,-811.67,0
633,1345.0,0
634,3752.18,0
635,118.36,1
636,2613.66,0
637,958.52,0
638,4590.34,0
639,2756.59,0
640,2177.19,0
641,4122.51,0
642,1896.38,0
643,442.37,0
644,-473.5,0
645,1680.91,0
646,3668.69,0
647,605.28,0
648,4611.42,0
649,4870.62,1
650,810.72,0
651,4178.45,0
652,2006.81,0
653,3971.67,0
654,3860.01,0
655,2516.57,1
656,4191.93,0
657,-246.02,0
658,4497.65,0
659,2810.99,0
660,2893.06,0
661,2268.73,0
662,4245.94,1
663,4420.53,0
664,2355.75,0
665,2615.72,0
666,2270.28,0
667,2190.05,0
668,3470.82,0
669,2449.26,0
670,4955.22,0
671,-742.61,0
672,-442.35,0
673,-949.23,0
674,1521.71,0
675,-627.98,0
676,4219.94,0
677,4752.76,0
678,1586.98,0
679,3328.98,0
680,2006.74,0
681,741.0,0
682,1605.28,0
683,1247.87,0
684,-271.38,0
685,4219.4,0
686,276.71,0
687,2779.25,0
688,2261.39,0
689,1468.46,0
690,2845.99,0
691,1602.51,0
692,4154.03,0
693,-977.29,0
694,4824.75,0
695,2622.67,0
696,2571.7,0
697,-610.67,0
698,2180.19,0
699,4629.97,0
700,3203.61,0
701,3830.52,0
702,-733.33,0
703,-910.27,0
704,3761.31,0
705,2004.24,0
706,3808.0,0
707,4562.25,0
708,1370.18,0
709,3299.62,0
710,-706.82,0
711,-160.84,0
712,-944.54,0
713,1785.34,0
714,2588.82,0
715,172.74,0
716,4457.33,0
717,1268.38,0
718,-53.87,0
719,624.85,0
720,2508.25,0
721,2688.45,0
722,872.03,1
723,199.01,0
724,4559.23,0
725,-590.33,0
726,3325.61,0
727,4552.05,0
728,3721.27,0
729,1371.9,0
730,4459.35,0
731,1182.22,0
732,2620.65,0
733,2127.25,0
734,3610.2,0
735,3950.59,0
736,3954.75,0
737,4637.7,0
738,-829.95,0
739,703.08,0
740,-64.42,0
741,4595.66,0
742,1854.93,0
743,2682.87,0
744,4936.89,0
745,707.42,0
746,790.41,0
747,1335.82,1
748,1639.65,0
749,2767.66,0
750,2076.81,0
751,-448.23,0
752,3928.79,1
753,-910.9,0
754,4966.23,0
755,2197.07,0
756,2191.07,1
757,4672.41,0
758,826.77,0
759,283.89,1
760,4080.83,0
761,3673.77,0
762,4588.52,0
763,421.39,0
764,-713.52,0
765,812.59,0
766,-987.7,0
767,4151.86,0
768,-862.14,0
769,2495.0,0
770,3595.66,0
771,1270.01,0
772,-911.73,0
773,-907.28,0
774,2885.29,0
775,2174.33,0
776,3404.58,0
777,541.48,0
778,2792.62,0
779,66.54,0
780,4348.3,0
781,-960.58,0
782,2736.47,0
783,428.16,0
784,3633.54,0
785,884.8,0
786,886.83,0
787,172.04,0
788,3956.59,0
789,2174.9,0
790,4350.54,0
791,883.47,0
792,4545.07,0
793,1068.78,0
794,3406.43,0
795,1951.12,0
796,1323.81,0
797,2897.14,1
798,-594.65,0
799,1875.9,0
800,4736.38,0
801,280.8,0
802,4211.46,0
803,2836.43,0
804,3000.95,0
805,3433.92,0
806,4619.85,0
807,2252.2,0
808,4983.75,0
809,378.47,0
810,66.44,0
811,3327.22,0
812,3130.21,0
813,1281.5,0
814,2730.93,0
815,4856.27,0
816,2668.54,0
817,1404.93,0
818,2122.35,0
819,2821.24,0
820,573.24,0
821,316.45,0
822,2385.66,0
823,2866.62,0
824,90.74,0
825,4568.61,0
826,3795.5,0
827,338.85,0
828,3128.52,0
829,-350.85,0
830,341.53,0
831,1939.76,0
832,662.61,0
833,4072.79,0
834,4950.88,0
835,4591.26,1
836,1649.71,0
837,3876.83,0
838,1674.03,0
839,23.07,0
840,1033.89,0
841,1877.97,0
842,730.37,0
843,-758.21,1
844,2027.06,0
845,2290.2,0
846,1595.68,0
847,2345.16,0
848,2680.86,0
849,4267.44,0
850,4825.77,0
851,4792.5,0
852,2794.08,0
853,4413.55,0
854,4284.03,0
855,3956.81,0
856,931.63,0
857,3456.5,0
858,1524.01,0
859,3459.47,0
860,666.21,0
861,1773.01,0
862,463.63,0
863,1578.22,0
864,3516.91,0
865,156.69,0
866,1432.64,0
867,3635.49,0
868,3453.32,0
869,2294.23,0
870,4503.04,0
871,1679.63,0
872,-78.77,1
873,4885.27,0
874,-247.21,0
875,2517.12,0
876,1179.6,0
877,4030.35,0
878,3471.9,1
879,1207.24,0
880,4005.7,0
881,3553.89,1
882,1992.23,0
883,1338.34,0
884,2784.12,0
885,4581.78,0
886,1607.62,0
887,3881.88,0
888,742.25,0
889,1394.71,0
890,882.65,0
891,717.76,0
892,1603.78,0
893,2784.71,0
894,14.89,0
895,-355.3,0
896,483.75,0
897,696.87,0
898,650.85,0
899,2872.42,0
900,4344.99,0
901,-45.44,0
902,3382.78,0
903,3749.39,0
904,1170.52,0
905,3183.79,0
906,-874.69,0
907,736.94,0
908,1955.42,0
909,2720.26,0
910,4882.02,0
911,-492.7,0
912,477.66,0
913,-410.36,0
914,1148.61,0
915,4477.45,0
916,3269.68,0
917,4263.55,0
918,3164.15,0
919,3006.42,0
920,1983.4,0
921,4514.72,0
922,3544.36,0
923,4434.04,0
924,4596.69,0
925,411.65,0
926,3766.03,0
927,1060.39,0
928,3751.79,0
929,4413.37,0
930,681.15,0
931,-964.51,0
932,3600.79,1
933,1150.44,0
934,4139.91,0
935,2387.36,0
936,784.23,0
937,2781.49,0
938,4678.4,0
939,390.2,0
940,566.07,0
941,-308.26,0
942,-394.15,0
943,226.58,0
944,2420.43,0
945,3237.88,0
946,2014.69,0
947,4363.8,0
948,3551.71,0
949,4340.84,0
950,-816.4,0
951,-830.52,0
952,5.71,0
953,2629.9,0
954,390.96,0
955,-69.97,0
956,812.1,0
957,1921.83,0
958,2918.15,0
959,-302.16,0
960,4329.96,0
961,521.86,0
962,2449.02,0
963,2427.95,0
964,-138.19,0
965,255.67,0
966,703.94,0
967,4644.35,0
968,4989.57,0
969,4096.16,0
970,895.04,0
971,-334.01,0
972,1360.54,0
973,2117.37,0
974,-479.63,0
975,4203.88,0
976,3266.76,0
977,2582.49,0
978,-136.98,0
979,-908.68,0
980,3316.14,0
981,4701.23,0
982,3215.78,0
983,-823.68,0
984,-867.26,0
985,3242.69,0
986,2903.3,0
987,1564.21,0
988,3242.9,1
989,1414.03,0
990,3395.18,0
991,-573.95,0
992,1355.94,0
993,-619.79,0
994,-105.01,0
995,-105.41,0
996,-533.89,0
997,-656.54,0
998,4830.66,0
999,3167.82,0
1000,3904.58,0
1001,-915.71,0
1002,4800.04,0
1003,2684.23,0
1004,3864.75,0
1005,1951.75,0
1006,3324.04,0
1007,3612.34,0
1008,2791.99,0
1009,1048.48,0
1010,675.07,0
1011,584.42,0
1012,-408.97,0
1013,3978.74,0
1014,3274.41,0
1015,4700.18,0
1016,-276.41,0
1017,2004.72,0
1018,-770.71,0
1019,1294.68,0
1020,1187.67,0
1021,-55.76,0
1022,4935.65,0
1023,3940.74,0
1024,899.76,0
1025,-746.86,0
1026,-689.38,0
1027,-121.28,0
1028,3782.02,0
1029,4343.57,0
1030,2651.7,0
1031,4446.32,0
1032,4711.38,0
1033,220.5,0
1034,370.68,0
1035,4640.4,0
1036,2541.6,0
1037,4665.73,0
1038,1257.34,0
1039,-816.46,0
1040,1518.69,0
1041,4643.38,0
1042,3561.82,0
1043,-773.87,0
1044,-751.85,0
1045,4050.39,0
1046,2379.43,0
1047,-395.32,0
1048,2320.4,0
1049,6.26,0
1050,1446.05,0
1051,1715.48,0
1052,1753.19,0
1053,1066.37,0
1054,-607.43,0
1055,-127.69,0
1056,4104.57,0
1057,734.85,0
1058,594.51,0
1059,4839.21,0
1060,1958.2,0
1061,4575.84,0
1062,203.57,0
1063,3976.05,0
1064,2099.73,0
1065,505.97,0
1066,1065.29,1
1067,2243.23,0
1068,2817.94,0
1069,988.54,0
1070,4518.06,0
1071,1332.61,0
1072,-987.54,0
1073,4915.2,0
1074,767.22,1
1075,860.41,0
1076,3978.11,0
1077,3522.16,0
1078,301.43,0
1079,3872.97,0
1080,2518.79,0
1081,2313.98,0
1082,2593.08,0
1083,4710.06,0
1084,2655.99,0
1085,4011.1,0
1086,-452.0,0
1087,3871.05,0
1088,1797.18,0
1089,3323.38,0
1090,1023.78,0
1091,2135.21,0
1092,3746.48,0
1093,1518.22,0
1094,4261.76,0
1095,691.78,0
1096,-868.02,0
1097,-868.87,0
1098,4318.46,0
1099,79.38,0
1100,906.58,0
1101,584.07,0
1102,469.18,0
1103,-297.04,0
1104,-799.59,0
1105,2469.0,0
1106,1805.64,0
1107,-920.02,0
1108,4729.96,0
1109,4790.64,0
1110,865.99,0
1111,4773.52,0
1112,2786.17,0
1113,841.62,0
1114,1056.56,0
1115,1227.82,0
1116,-16.95,0
1117,-439.37,0
1118,2214.77,0
1119,3727.84,0
1120,461.71,0
1121,596.83,0
1122,-558.62,0
1123,3343.99,0
1124,1874.06,0
1125,418.56,0
1126,1987.09,0
1127,2554.1,0
1128,3262.58,0
1129,1109.75,0
1130,-236.3,0
1131,-158.5,0
1132,2781.2,0
1133,-80.56,0
1134,-207.75,0
1135,2120.23,0
1136,2289.96,0
1137,1117.65,0
1138,2367.33,0
1139,1825.27,0
1140,784.69,0
1141,2417.46,1
1142,3346.66,0
1143,1938.97,0
1144,390.86,1
1145,3160.39,0
1146,3765.13,0
1147,-567.58,0
1148,4057.37,0
1149,2258.77,0
1150,494.08,0
1151,153.83,0
1152,3942.46,0
1153,-477.31,0
1154,1769.7,0
1155,244.24,0
1156,1601.17,0
1157,939.67,0
1158,3082.63,0
1159,1254.87,0
1160,656.31,1
1161,613.41,0
1162,3790.42,0
1163,290.08,0
1164,-765.45,0
1165,537.82,0
1166,3132.66,0
1167,1564.08,0
1168,-676.98,0
1169,-387.29,0
1170,3589.07,0
1171,2893.32,0
1172,2356.68,0
1173,959.41,0
1174,-240.28,0
1175,4412.45,0
1176,-306.55,0
1177,4146.69,0
1178,1402.95,0
1179,4270.33,0
1180,-808.24,0
1181,2093.63,0
1182,358.24,0
1183,1930.71,0
1184,2071.09,0
1185,3046.08,0
1186,234.14,0
1187,-477.4,0
1188,4021.64,0
1189,3395.4,0
1190,4204.91,0
1191,63.59,0
1192,2910.36,0
1193,1513.19,0
1194,3705.8,0
1195,3268.47,0
1196,4190.68,1
1197,410.75,1
1198,9.3,0
1199,3486.26,0
1200,3923.16,0
1201,-31.96,0
1202,3479.24,0
1203,-803.43,0
1204,894.63,0
1205,399.75,0
1206,4177.76,0
1207,1876.68,0
1208,213.74,0
1209,1658.74,0
1210,-250.21,0
1211,79.48,0
1212,1936.8,0
1213,1101.71,0
1214,4422.3,0
1215,1222.02,0
1216,1730.31,0
1217,4383.11,0
1218,1885.15,0
1219,1378.94,0
1220,383.04,0
1221,33.59,0
1222,4499.23,0
1223,1115.95,0
1224,2697.31,0
1225,-926.82,0
1226,1050.85,0
1227,632.13,0
1228,-112.93,0
1229,4318.38,0
1230,2271.75,0
1231,4713.47,0
1232,-909.24,0
1233,1187.48,0
1234,3289.98,0
1235,536.65,0
1236,1810.28,1
1237,2342.1,0
1238,4381.79,0
1239,2273.92,1
1240,2647.68,0
1241,2276.39,0
1242,4166.68,0
1243,3736.61,0
1244,4220.56,0
1245,799.45,0
1246,-472.97,0
1247,-746.91,0
1248,1772.63,0
1249,1813.64,1
1250,1785.56,0
1251,3827.48,0
1252,4139.62,0
1253,-259.08,0
1254,2042.19,0
1255,254.95,0
1256,1263.87,0
1257,999.93,0
1258,649.98,0
1259,143.47,0
1260,2072.3,0
1261,3417.18,1
1262,4089.62,0
1263,682.5,0
1264,2371.59,1
1265,-632.31,0
1266,-610.77,0
1267,771.4,0
1268,3068.53,0
1269,2094.9,0
1270,1218.96,0
1271,3215.5,0
1272,4542.69,0
1273,853.26,0
1274,1230.21,0
1275,4548.58,0
1276,1573.74,0
1277,2089.42,0
1278,-519.2,0
1279,3932.46,0
1280,-282.51,0
1281,4348.78,0
1282,2669.29,0
1283,3803.27,0
1284,472.11,1
1285,3935.75,0
1286,2774.21,0
1287,4762.58,0
1288,4169.03,0
1289,290.06,0
1290,1571.53,0
1291,-702.6,0
1292,2906.92,0
1293,2550.98,0
1294,438.43,0
1295,1665.81,0
1296,-186.01,0
1297,-993.7,0
1298,2476.67,0
1299,697.89,0
1300,620.02,0
1301,4871.64,0
1302,3927.57,0
1303,161.27,0
1304,2959.71,0
1305,463.78,0
1306,2465.43,0
1307,4364.13,0
1308,-618.54,0
1309,193.91,0
1310,3535.23,0
1311,197.84,0
1312,2587.7,0
1313,401.52,0
1314,3084.13,1
1315,2.57,0
1316,-913.8,0
1317,145.01,0
1318,2369.7,0
1319,162.24,0
1320,-784.83,0
1321,-434.66,0
1322,205.25,0
1323,1189.89,0
1324,1888.52,0
1325,4325.19,0
1326,4884.03,0
1327,440.32,0
1328,4472.43,0
1329,4712.9,0
1330,2898.52,0
1331,-773.25,0
1332,4784.9,0
1333,3836.25,0
1334,4358.03,0
1335,4524.12,0
1336,1857.3,0
1337,-244.59,0
1338,1785.53,0
1339,2565.05,0
1340,738.33,0
1341,1597.36,0
1342,4437.9,0
1343,1376.88,0
1344,4212.74,0
1345,2241.95,0
1346,4141.5,0
1347,1643.18,0
1348,2694.06,0
1349,280.04,0
1350,1137.14,0
1351,2530.87,0
1352,3777.14,0
1353,2166.34,0
1354,3011.32,0
1355,3410.85,0
1356,3248.17,0
1357,1711.17,0
1358,839.22,0
1359,1452.11,0
1360,1317.14,0
1361,2749.44,0
1362,2227.51,0
1363,3261.29,0
1364,3439.75,0
1365,4243.29,0
1366,3319.63,0
1367,3181.92,0
1368,3289.65,0
1369,-415.38,0
1370,4809.34,0
1371,-258.13,0
1372,4839.46,0
1373,3166.61,0
1374,3191.35,0
1375,-867.72,0
1376,1678.35,0
1377,23.18,0
1378,3403.73,0
1379,4799.69,1
1380,1589.44,0
1381,2872.4,0
1382,-438.05,0
1383,401.71,0
1384,200.62,0
1385,-308.24,0
1386,686.74,0
1387,1550.67,0
1388,4546.06,0
1389,922.84,0
1390,4036.4,0
1391,3453.87,0
1392,4641.56,1
1393,1274.36,0
1394,3241.13,0
1395,4231.13,0
1396,-891.13,0
1397,4450.13,0
1398,1555.32,0
1399,-948.87,0
1400,4552.51,0
1401,-524.43,0
1402,3442.54,0
1403,1146.5,0
1404,-63.93,0
1405,2964.0,0
1406,2993.49,0
1407,3378.1,0
1408,654.95,0
1409,4102.81,0
1410,2724.76,0
1411,1731.27,0
1412,717.27,0
1413,769.85,0
1414,1351.65,0
1415,453.62,0
1416,1276.4,0
1417,2033.82,0
1418,3109.01,0
1419,4492.85,0
1420,2365.47,0
1421,1168.95,0
1422,1563.35,0
1423,2975.72,0
1424,3615.97,0
1425,4720.23,0
1426,2982.51,0
1427,3353.19,0
1428,88.07,0
1429,4570.19,0
1430,2094.56,0
1431,2212.99,0
1432,868.58,0
1433,-179.63,0
1434,4494.49,0
1435,4703.57,0
1436,3021.92,0
1437,3909.25,0
1438,636.06,0
1439,128.34,0
1440,3459.49,0
1441,3282.52,0
1442,824.02,0
1443,4803.03,0
1444,3636.0,0
1445,2741.75,0
1446,-376.63,0
1447,1168.55,0
1448,-636.66,0
1449,3730.66,0
1450,2404.35,0
1451,3964.74,0
1452,4069.21,0
1453,-772.31,0
1454,3611.35,0
1455,4510.67,0
1456,4667.48,0
1457,-165.92,0
1458,1165.24,0
1459,3162.51,0
1460,1209.12,0
1461,4901.02,0
1462,1531.21,0
1463,3904.85,0
1464,4245.39,0
1465,136.12,0
1466,1709.17,0
1467,2865.1,0
1468,1397.31,0
1469,-251.53,0
1470,-703.66,0
1471,1776.54,0
1472,1886.04,0
1473,4425.07,0
1474,3410.9,0
1475,4157.06,0
1476,-547.21,0
1477,3965.33,1
1478,1371.02,0
1479,1881.62,0
1480,551.88,0
1481,918.84,0
1482,1538.69,0
1483,1656.18,0
1484,3464.77,0
1485,1918.51,0
1486,2590.31,0
1487,-916.57,0
1488,-246.75,0
1489,188.14,1
1490,3482.21,1
1491,4956.09,0
1492,-323.66,0
1493,-840.24,0
1494,-74.92,0
1495,4731.75,0
1496,1105.04,0
1497,2314.07,0
1498,805.68,0
1499,4201.47,1
1500,-523.84,0
1501,2628.12,0
1502,3588.5,0
1503,-992.11,0
1504,754.74,0
1505,4034.03,1
1506,4885.88,0
1507,4495.31,1
1508,4344.49,0
1509,3976.85,0
1510,1574.74,0
1511,870.6,1
1512,1800.82,0
1513,258.69,0
1514,4860.69,0
1515,1590.29,0
1516,-674.47,0
1517,3340.42,0
1518,1524.97,0
1519,64.73,0
1520,592.96,0
1521,4275.07,0
1522,799.9,0
1523,2762.12,0
1524,3211.75,0
1525,-759.6,0
1526,4825.05,0
1527,65.72,0
1528,882.93,0
1529,1649.86,0
1530,-315.37,0
1531,2112.23,0
1532,1897.55,0
1533,2409.54,0
1534,2541.5,0
1535,2369.04,0
1536,3860.23,1
1537,2852.97,0
1538,2972.89,0
1539,-470.38,0
1540,-697.94,0
1541,-957.76,0
1542,4737.34,0
1543,892.7,0
1544,4041.14,0
1545,-424.52,0
1546,3627.13,0
1547,4371.25,0
1548,2739.63,0
1549,1731.95,0
1550,1290.89,0
1551,-95.84,0
1552,4560.33,1
1553,3133.79,0
1554,3459.9,0
1555,2594.2,0
1556,300.17,0
1557,2337.1,0
1558,-574.79,0
1559,3684.18,0
1560,327.45,0
1561,3422.32,0
1562,198.53,0
1563,3444.25,0
1564,2064.92,1
1565,1683.73,0
1566,2803.05,0
1567,3714.83,0
1568,-469.43,0
1569,2410.06,0
1570,486.83,0
1571,4644.26,0
1572,3352.68,0
1573,3916.34,0
1574,2504.74,0
1575,4386.83,0
1576,-716.88,0
1577,4039.7,0
1578,3477.27,0
1579,2851.7,1
1580,1554.72,0
1581,2125.79,0
1582,2686.3,0
1583,-14.14,0
1584,2866.2,0
1585,572.28,0
1586,4711.88,1
1587,-439.44,0
1588,2344.63,0
1589,-514.2,0
1590,3995.12,0
1591,934.02,0
1592,370.41,0
1593,-589.29,0
1594,-744.18,0
1595,337.79,0
1596,2854.4,1
1597,-473.41,0
1598,-25.33,0
1599,4489.5,0
1600,-367.5,0
1601,2947.94,0
1602,-780.74,0
1603,53.43,0
1604,1444.34,0
1605,1774.37,1
1606,4905.99,0
1607,2440.1,0
1608,31.19,0
1609,3405.04,0
1610,52.6,0
1611,3709.88,0
1612,3228.17,0
1613,-613.04,0
1614,1178.9,1
1615,-868.0,0
1616,-798.21,0
1617,2388.83,0
1618,173.38,0
1619,3005.2,0
1620,3884.17,0
1621,2158.66,0
1622,1446.29,0
1623,4063.56,0
1624,1130.49,0
1625,319.97,0
1626,2476.96,0
1627,4536.75,0
1628,241.44,0
1629,-133.53,0
1630,4924.49,0
1631,-60.87,0
1632,2499.95,0
1633,-111.28,0
1634,-619.9,1
1635,3999.51,0
1636,-628.98,0
1637,1750.86,0
1638,4718.01,0
1639,1342.76,0
1640,3809.21,0
1641,4349.86,0
1642,4255.48,0
1643,2848.89,0
1644,4939.78,0
1645,4117.06,0
1646,4266.47,0
1647,2039.31,0
1648,-957.89,1
1649,4879.92,0
1650,2320.52,0
1651,-936.71,0
1652,290.86,0
1653,38.1,0
1654,399.55,0
1655,2981.53,0
1656,-512.14,0
1657,441.88,1
1658,484.65,0
1659,769.67,0
1660,2091.55,0
1661,2955.47,0
1662,2026.95,0
1663,1858.96,0
1664,300.07,0
1665,4292.74,0
1666,2503.16,1
1667,3015.36,0
1668,4446.94,0
1669,4404.82,0
1670,3047.03,0
1671,-368.1,0
1672,3114.24,0
1673,-979.04,0
1674,514.38,0
1675,1722.33,0
1676,1009.24,0
1677,2136.73,0
1678,355.85,0
1679,-75.1,0
1680,1563.32,0
1681,670.2,0
1682,-356.7,0
1683,-348.59,0
1684,2895.16,0
1685,1464.49,0
1686,4341.33,0
1687,-84.54,0
1688,-289.97,0
1689,2197.73,0
1690,4285.34,0
1691,3712.2,0
1692,2725.0,0
1693,3540.55,0
1694,988.33,1
1695,2984.87,0
1696,-692.96,0
1697,-463.87,0
1698,1310.73,0
1699,3462.53,0
1700,-416.45,0
1701,4309.23,1
1702,101.48,0
1703,3373.33,0
1704,2468.34,0
1705,391.04,0
1706,4861.71,0
1707,4625.98,0
1708,1611.15,0
1709,4299.25,0
1710,2591.57,0
1711,3788.62,1
1712,-252.87,0
1713,210.25,0
1714,2032.12,0
1715,2063.98,0
1716,1020.3,0
1717,581.48,0
1718,4321.59,0
1719,2823.28,0
1720,-23.82,0
1721,2395.24,0
1722,1844.33,0
1723,2438.21,0
1724,-612.88,0
1725,1482.56,0
1726,1971.79,0
1727,4004.28,0
1728,347.41,0
1729,3796.95,0
1730,3153.11,0
1731,3067.96,0
1732,1258.61,0
1733,4022.01,0
1734,990.05,0
1735,1872.47,0
1736,1578.92,0
1737,2127.1,0
1738,4007.99,0
1739,268.3,0
1740,1292.49,0
1741,2151.27,0
1742,2055.18,0
1743,2705.71,0
1744,1766.13,0
1745,1319.18,0
1746,4951.65,0
1747,875.29,0
1748,2710.81,0
1749,1641.02,0
1750,1072.96,0
1751,2966.41,0
1752,2194.93,0
1753,4683.46,0
1754,3804.23,0
1755,4665.14,0
1756,1770.65,0
1757,580.64,0
1758,-653.13,0
1759,-849.93,0
1760,-397.13,0
1761,1301.08,0
1762,877.14,0
1763,520.41,0
1764,318.99,0
1765,-816.55,1
1766,97.76,0
1767,1697.24,0
1768,565.6,0
1769,3864.32,0
1770,3080.34,0
1771,-870.59,0
1772,163.44,0
1773,4788.18,0
1774,4166.62,0
1775,1546.12,0
1776,1776.02,0
1777,820.58,0
1778,145.19,0
1779,1110.68,0
1780,4752.02,0
1781,1733.25,0
1782,2376.87,0
1783,-135.31,0
1784,4210.63,0
1785,1756.11,0
1786,-291.88,0
1787,2025.54,0
1788,2905.92,0
1789,3430.47,0
1790,746.65,0
1791,-179.3,0
1792,4108.94,0
1793,899.78,0
1794,4387.32,0
1795,4986.89,1
1796,132.69,0
1797,4731.81,0
1798,-832.71,0
1799,2982.69,0
1800,-835.11,0
1801,4694.32,0
1802,820.88,0
1803,3129.21,0
1804,-140.01,0
1805,3328.49,0
1806,2429.07,0
1807,2201.07,0
1808,-539.15,0
1809,2871.69,0
1810,3459.99,0
1811,2949.51,0
1812,4834.53,0
1813,4240.26,0
1814,499.68,0
1815,676.73,0
1816,4050.87,0
1817,337.25,0
1818,1235.25,0
1819,-686.23,1
1820,4664.8,0
1821,-661.62,0
1822,165.59,0
1823,4054.75,0
1824,-22.4,0
1825,542.38,1
1826,2120.27,0
1827,1571.67,0
1828,4645.14,0
1829,3127.24,0
1830,4955.9,0
1831,4734.43,0
1832,-353.48,0
1833,1153.9,0
1834,4611.01,0
1835,3064.9,0
1836,2112.62,0
1837,676.29,0
1838,807.53,0
1839,2791.59,0
1840,-391.53,0
1841,-736.54,0
1842,2540.88,0
1843,1973.97,0
1844,-546.89,0
1845,370.72,0
1846,2942.84,0
1847,1242.86,0
1848,4383.47,0
1849,3241.16,0
1850,4168.05,0
1851,2137.12,0
1852,3041.95,0
1853,-676.3,0
1854,4866.99,0
1855,4935.86,0
1856,3052.91,0
1857,572.71,0
1858,1090.63,0
1859,-799.86,0
1860,455.48,0
1861,3059.48,0
1862,2950.65,0
1863,3680.12,0
1864,1451.91,1
1865,4771.43,0
1866,-273.3,0
1867,3247.23,0
1868,-762.76,0
1869,3004.8,0
1870,1625.64,0
1871,263.27,0
1872,4698.61,0
1873,1740.2,1
1874,3758.59,0
1875,1864.86,0
1876,1992.1,0
1877,1962.0,0
1878,-424.4,0
1879,2897.5,0
1880,4605.98,1
1881,-744.16,0
1882,4191.21,0
1883,3740.47,0
1884,1538.75,1
1885,996.76,0
1886,1278.44,0
1887,750.03,0
1888,4567.43,0
1889,1423.67,0
1890,3054.47,0
1891,813.15,0
1892,2611.69,0
1893,-646.18,1
1894,2606.94,0
1895,1984.09,0
1896,347.53,0
1897,4645.58,0
1898,2403.86,0
1899,-267.24,0
1900,2332.81,0
1901,2823.59,0
1902,-163.91,0
1903,-910.86,0
1904,1371.55,0
1905,1262.48,0
1906,-122.79,0
1907,723.29,0
1908,3386.98,0
1909,2211.92,0
1910,4253.25,0
1911,151.26,1
1912,3560.94,0
1913,-161.18,0
1914,3194.01,0
1915,1392.92,0
1916,-366.37,0
1917,4606.11,0
1918,4441.56,0
1919,4124.71,0
1920,679.36,0
1921,-758.81,0
1922,-65.71,0
1923,501.77,0
1924,4494.67,0
1925,1249.11,0
1926,-113.21,0
1927,628.68,0
1928,3985.72,0
1929,765.52,0
1930,1958.6,0
1931,4811.17,0
1932,1071.84,1
1933,3124.74,0
1934,4340.1,0
1935,4202.83,0
1936,602.78,0
1937,965.67,0
1938,1343.29,0
1939,109.03,0
1940,55.87,0
1941,4086.77,0
1942,2030.76,0
1943,-127.18,0
1944,1208.41,0
1945,3838.72,0
1946,3322.62,0
1947,2614.43,0
1948,1038.99,1
1949,2890.59,0
1950,1147.21,0
1951,2882.9,0
1952,316.76,0
1953,330.15,0
1954,3379.38,0
1955,1990.67,0
1956,4041.1,0
1957,-613.6,0
1958,3892.25,0
1959,1253.6,0
1960,2936.0,0
1961,-676.05,0
1962,2036.27,0
1963,-961.91,0
1964,4434.14,0
1965,4856.27,0
1966,127.7,0
1967,2056.04,0
1968,1144.65,0
1969,1124.89,0
1970,918.36,0
1971,1503.27,0
1972,538.85,0
1973,1896.89,0
1974,865.41,0
1975,-887.68,0
1976,2014.03,0
1977,-869.33,0
1978,4712.51,0
1979,440.93,0
1980,831.85,0
1981,1589.76,0
1982,4917.24,0
1983,211.54,0
1984,3469.99,0
1985,1619.05,0
1986,4513.02,0
1987,-217.76,0
1988,2391.98,0
1989,888.79,0
1990,1141.16,0
1991,3934.41,0
1992,3781.39,0
1993,3307.97,0
1994,4888.51,0
1995,2342.95,0
1996,1953.54,0
1997,3570.39,0
1998,1798.17,0
1999,2223.71,0
2000,1497.56,0
