transaction_id,amount,is_fraud
1,922.5,0
2,3122.78,0
3,2956.68,0
6,1976.6,0
7,4888.25,0
8,2991.86,0
9,3049.67,0
10,2061.77,0
11,2974.02,0
12,4650.64,0
13,626.49,0
14,1177.53,0
15,2384.29,0
16,61.74,0
17,1695.09,0
18,4681.5,0
19,541.64,0
20,3999.6,0
21,2032.52,0
22,2883.83,0
23,3525.75,0
24,3161.95,0
25,768.64,0
26,786.59,0
27,1992.15,0
29,1809.75,0
30,1364.08,0
31,2443.44,0
33,4064.8,0
34,932.05,0
35,1625.31,0
36,2771.91,0
38,1594.85,0
39,3577.89,0
40,528.95,0
41,4542.74,0
42,4019.09,0
43,471.22,0
44,3523.32,0
45,4099.01,0
46,3126.19,0
47,3699.2,0
48,4189.88,0
49,896.38,0
51,1160.64,0
52,1609.42,0
53,2244.2,0
55,900.79,0
57,1109.97,0
58,4275.02,0
59,3805.46,0
61,2326.62,0
64,1424.21,0
66,3787.79,0
67,1393.25,1
68,2220.94,0
69,916.75,0
70,221.81,0
71,1094.22,0
73,127.35,0
74,4879.5,0
76,1065.57,0
79,4816.94,0
80,279.48,0
81,548.14,0
82,4182.4,0
83,2926.68,0
84,4046.49,0
85,1182.28,0
87,1638.41,0
88,3988.84,0
89,4656.22,0
90,103.62,0
91,4591.85,0
92,4495.92,0
93,154.02,0
94,4790.7,0
95,4818.39,0
96,4090.04,0
97,4978.82,0
98,4668.44,0
99,2630.86,0
100,295.76,0
101,1386.58,0
102,4633.2,0
104,1618.06,0
105,2958.87,0
106,4116.3,0
107,1631.81,0
108,2797.74,0
109,3115.69,0
110,2214.54,0
111,3327.41,0
112,884.71,0
114,4916.52,0
115,2615.5,0
116,4308.72,1
117,3774.24,0
118,4858.9,0
120,577.65,0
121,3751.01,0
122,2357.48,0
123,377.08,0
124,1801.43,1
126,1557.7,0
127,4843.16,0
128,627.85,0
129,613.44,0
130,2552.42,0
131,3427.76,0
133,1661.96,0
134,2997.98,0
135,2629.82,0
136,371.68,0
137,1925.41,0
138,1975.78,0
139,3522.1,0
140,3694.16,0
141,818.25,0
142,3537.23,0
143,3113.77,0
144,195.83,0
145,4342.35,0
147,2975.74,0
148,1253.28,0
150,4197.23,0
151,4255.74,1
153,4403.36,0
154,3308.89,0
155,1144.61,0
156,1354.6,0
157,2687.09,0
158,2664.12,0
159,2962.43,1
160,1426.5,0
161,2829.92,0
162,240.58,0
163,2209.81,0
164,4035.54,0
165,2801.57,0
166,4355.72,0
167,2011.38,0
168,2936.31,0
170,815.73,0
171,148.64,0
172,2130.18,0
173,4129.47,0
174,4935.63,0
175,1515.71,0
176,4369.28,0
177,4950.88,0
178,2309.32,0
179,3295.37,0
180,2055.18,0
181,1833.19,0
182,277.77,0
183,921.36,0
184,4206.56,0
185,22.06,1
186,3162.47,0
187,1188.69,0
188,640.5,0
189,2273.45,0
190,427.15,0
191,3662.16,0
192,4557.29,0
193,4895.74,0
194,4944.31,0
195,2004.4,0
196,4580.17,0
197,2894.87,0
199,1374.03,0
200,4666.82,0
201,1974.63,0
203,402.31,0
204,2710.56,0
205,2693.09,0
206,2719.97,0
207,3679.88,0
208,4029.96,0
209,3823.77,0
210,1725.21,0
211,2576.52,0
212,4293.03,0
213,2503.29,0
214,3558.9,0
216,703.53,0
217,2632.26,0
218,2292.13,0
219,798.45,0
220,585.96,1
221,2595.4,0
222,3012.61,0
223,2284.32,0
224,517.05,1
225,1614.09,0
226,343.69,0
227,4880.67,1
228,1564.48,0
229,334.14,0
230,964.81,0
231,3212.16,0
233,3977.96,0
234,329.56,0
235,4112.08,0
236,2282.55,0
237,1826.29,0
238,2329.32,0
239,4181.94,0
240,4123.34,0
241,1813.49,0
242,1999.75,0
245,3066.74,0
246,714.32,0
247,4701.98,0
248,2613.83,0
249,497.32,0
250,3360.03,0
251,2656.7,0
252,4777.57,0
253,682.14,0
254,1514.62,0
255,1059.95,0
256,1778.03,0
257,2972.93,0
258,4534.59,0
259,2854.42,0
260,602.0,0
261,861.44,0
262,4201.82,0
264,387.57,0
265,3503.79,1
266,4034.56,1
267,3502.98,0
268,3892.95,0
269,2651.35,0
270,829.01,0
271,4500.8,0
272,536.34,0
273,4805.45,0
274,2819.37,0
275,4651.38,0
276,1194.02,0
277,4045.44,0
278,987.65,0
279,2609.43,0
280,2685.89,0
284,3592.49,0
285,941.45,0
286,2254.45,0
287,3116.48,0
289,4112.42,0
290,4015.04,0
291,1854.55,0
292,446.16,0
293,2878.77,0
294,4451.26,0
295,3429.13,0
296,1974.72,0
298,3191.21,0
299,4299.43,0
300,2842.7,0
301,4820.62,0
302,3276.56,1
303,2229.76,0
305,2851.89,0
306,2943.7,0
307,3487.12,0
308,3890.02,0
309,1352.73,0
310,943.64,0
311,2936.87,0
312,3676.91,0
313,3707.96,0
314,4641.6,0
315,2052.93,0
316,2405.38,0
317,1684.23,0
318,1224.84,0
319,1180.21,0
320,2413.32,0
321,69.49,0
322,1396.14,0
323,1558.93,0
324,4516.98,0
325,1973.45,0
326,239.88,0
327,1743.82,0
328,3469.25,0
330,3732.54,0
331,4429.39,0
332,4529.53,0
334,154.16,0
335,2737.69,0
336,4389.62,0
337,956.65,0
338,2114.87,0
339,1455.35,0
340,3900.39,0
341,2213.24,0
342,1962.67,0
343,4541.41,0
346,4085.39,0
347,2671.78,0
348,4078.73,0
349,3988.59,0
351,398.41,0
352,1212.43,0
353,2293.88,0
354,3198.72,0
355,3062.47,1
356,1156.94,0
358,4491.76,0
359,1919.28,0
360,3595.65,0
362,1155.61,0
363,2089.18,0
364,3688.56,0
366,2487.17,0
367,4501.88,0
368,1471.44,0
369,2932.53,0
371,680.7,0
373,134.69,0
374,4623.91,0
376,1794.02,0
377,2464.31,0
378,1778.12,1
379,2052.92,1
380,3287.53,0
381,1541.91,0
382,1452.23,0
383,565.47,0
384,4966.98,0
385,3495.55,0
386,4466.23,0
389,3910.71,0
390,938.58,0
391,1608.65,0
392,498.59,0
393,1797.33,0
395,3307.68,0
396,1699.94,0
397,3490.65,0
398,447.76,0
399,2774.26,1
400,4219.28,0
401,4815.79,0
403,2362.39,0
404,4449.92,0
405,2302.23,0
406,3293.39,0
407,66.16,0
410,3933.01,0
412,852.87,0
413,2512.1,0
414,3068.06,0
415,3492.33,0
416,1859.87,1
417,1051.96,1
419,1096.02,0
420,2041.56,0
421,2182.02,0
422,4161.79,0
423,4120.23,0
424,3112.81,0
426,3097.49,0
427,3213.57,0
428,1982.11,0
429,4810.89,0
430,3761.88,1
431,3985.68,0
432,2995.53,0
433,4938.56,0
434,1787.66,0
435,2077.96,0
436,3288.06,0
437,445.41,0
438,1537.1,0
439,3337.92,0
442,4401.32,0
443,2769.41,0
445,4374.35,0
446,3603.86,0
447,2167.15,0
448,1089.18,0
450,2641.55,0
451,716.46,0
452,4136.44,0
453,4279.62,0
454,1051.15,0
455,1930.14,0
457,2940.8,0
459,4845.02,0
461,2055.93,0
462,1511.23,0
463,2284.02,0
464,2673.3,0
465,74.28,0
466,3551.46,0
467,3619.81,0
468,1091.99,0
470,3843.68,0
471,4196.25,0
472,4347.95,0
473,4285.84,0
474,4491.02,0
475,4354.87,0
476,2520.6,0
477,1703.43,0
478,4919.54,0
480,1475.16,0
481,1563.77,0
482,3160.52,0
483,1115.71,0
484,4247.06,0
485,2186.39,1
486,2544.98,0
487,1531.22,0
488,934.35,0
489,1498.18,0
490,4598.85,0
491,2291.6,0
492,4699.28,0
494,3087.58,0
495,2431.52,0
500,3010.99,1
502,3641.23,0
503,483.57,0
504,4835.82,0
505,4593.26,0
506,578.82,0
507,2994.38,0
508,4762.12,0
509,3006.25,0
510,4755.19,0
511,174.26,0
512,3324.86,0
513,340.54,0
514,2561.45,0
515,4219.14,0
516,4578.74,0
517,1106.07,0
518,3689.22,0
519,3774.9,0
520,2478.47,0
521,422.74,0
523,2927.48,0
524,4853.06,0
525,2879.2,0
526,2972.91,0
527,2993.52,0
528,1542.93,0
529,74.1,0
530,4477.34,0
531,3007.22,0
532,3850.38,0
534,4105.08,0
535,3542.55,0
536,1965.5,0
537,1503.34,0
538,4264.44,0
539,2034.1,0
540,2331.78,0
541,1796.53,0
542,2704.86,0
543,1050.99,0
545,3870.36,0
546,1510.29,0
547,4250.78,0
548,582.13,0
549,2328.77,0
551,3016.18,0
552,3200.28,0
553,4723.78,0
554,2376.93,0
555,3374.44,0
556,1063.09,0
557,2536.16,0
558,2185.43,0
560,2972.93,0
561,1953.86,0
562,149.2,0
563,2212.14,0
565,2232.76,0
566,1905.31,0
568,685.07,0
569,849.97,0
570,4851.79,0
571,3711.51,0
572,2588.38,0
573,4804.5,0
575,1961.53,0
576,3725.81,0
577,47.7,0
578,1835.6,0
580,841.39,0
581,3403.43,0
583,3854.37,0
584,1209.28,0
585,2929.14,0
586,2816.05,0
587,4296.58,0
588,3264.55,0
589,2243.68,0
590,1396.92,0
591,3083.28,0
592,3089.77,0
593,3341.37,0
594,1225.93,0
595,63.67,0
596,802.25,0
598,3892.32,1
599,1120.41,0
600,3507.97,0
601,2726.71,0
602,514.66,0
603,132.35,0
604,2366.13,0
605,1783.91,0
606,1921.2,0
608,646.47,0
609,1743.5,0
610,663.71,1
611,1280.1,1
612,1981.21,0
615,2011.01,0
616,3335.44,0
617,2187.82,0
618,4386.56,0
620,1281.85,0
621,2959.46,0
622,256.95,0
623,3453.0,0
624,4614.76,0
625,1756.59,0
626,3208.96,0
627,3674.11,0
628,2115.24,1
629,1716.97,0
630,3916.48,0
631,2933.01,0
632,2259.87,0
633,3050.21,0
634,2167.95,0
636,1184.75,0
637,4854.45,0
638,145.04,0
639,188.67,0
641,4748.71,0
642,360.85,0
643,3088.75,0
644,1949.4,0
645,2797.11,0
646,1556.07,0
648,2930.46,0
649,2780.99,1
650,4134.46,0
651,115.82,0
653,157.12,0
655,2348.09,0
656,3431.84,0
660,268.02,0
664,348.61,0
665,4316.45,0
666,267.32,0
667,2554.18,0
668,2062.72,0
669,3383.85,0
670,1033.46,0
671,3611.87,0
672,3815.47,0
673,4411.31,0
674,3167.65,0
676,3742.16,0
678,1366.7,0
679,2738.49,0
680,145.02,0
681,1759.28,0
682,2661.59,0
683,4932.89,0
684,450.38,0
685,3498.1,0
687,1580.21,0
688,1803.28,0
689,3427.86,0
690,2150.49,0
692,4254.0,0
694,2031.15,0
696,2820.96,0
697,1790.37,0
698,726.02,0
699,1885.48,1
700,3773.19,0
702,3027.38,0
703,1815.66,0
704,1510.16,0
705,628.75,0
706,4614.51,0
707,3696.47,0
708,2497.97,0
709,4452.37,0
711,4073.54,0
713,2106.99,0
714,3085.8,0
715,3500.63,0
716,1697.47,0
717,3193.82,0
718,4869.85,0
719,1395.2,0
720,2234.37,0
722,2740.61,0
726,228.15,0
727,2668.97,0
728,2471.3,0
729,3206.31,0
733,1014.16,0
735,921.65,0
736,2720.96,0
737,1782.38,0
738,4453.42,0
739,2693.63,0
740,4974.69,0
741,4117.71,0
742,3350.52,0
743,4435.39,0
744,1030.02,0
746,3622.54,0
747,2546.11,0
748,20.72,0
749,324.72,1
750,1689.64,0
751,1505.96,0
752,1958.08,0
753,2204.93,0
755,1305.44,0
756,3121.08,0
757,2741.17,0
758,1416.09,0
759,197.16,0
760,1079.44,0
761,4094.71,0
762,2433.48,0
764,1618.31,0
766,4976.31,0
767,3705.43,0
768,247.47,0
770,3030.07,1
771,2502.66,0
772,3542.49,0
774,1870.44,0
775,4463.11,0
776,3304.11,0
777,263.76,0
778,712.57,0
779,2883.68,0
780,567.25,0
781,620.41,0
782,563.34,0
783,171.76,0
784,2578.05,0
785,4893.01,0
787,4498.25,0
788,1206.56,0
789,1581.85,0
790,4548.82,0
791,1898.88,0
793,3423.33,0
794,2092.45,0
795,4162.97,0
797,988.59,0
798,3962.23,0
800,4825.22,0
801,2261.4,0
802,2659.88,0
803,678.47,0
805,4734.48,0
806,2039.45,0
807,4329.64,0
808,709.5,0
809,2083.73,0
811,3361.3,0
812,3222.73,0
813,4003.16,0
814,2500.2,0
816,89.43,0
817,1145.5,0
818,3219.23,0
819,4067.45,0
820,2017.98,0
822,2482.94,0
823,3950.42,0
824,1645.94,0
826,4387.33,0
827,2722.7,0
829,1890.29,1
830,39.92,0
831,2325.08,0
832,4576.37,0
833,4076.06,0
834,4146.42,0
835,422.45,0
836,2791.92,0
837,1878.21,0
838,2977.6,0
839,1084.83,0
840,4442.04,0
841,2545.78,0
842,4344.62,0
843,2520.65,0
844,3115.86,0
845,4091.09,1
846,1798.42,0
847,1656.29,0
848,1789.25,0
849,405.14,0
850,1387.89,0
852,3095.61,0
854,2066.36,0
855,4281.81,0
856,1820.97,0
857,1623.75,0
858,3870.21,0
859,3860.5,0
860,1661.04,0
861,81.05,0
862,1505.81,0
863,4218.81,1
864,1319.11,0
865,4793.1,0
867,1071.8,0
868,2485.95,1
870,3190.32,0
871,2281.46,0
872,2146.59,0
873,487.82,0
875,3661.75,0
876,2722.57,0
877,3551.73,0
878,2746.01,0
879,1850.99,0
880,1433.5,0
882,2012.76,0
883,2159.5,0
884,4762.05,0
885,1831.0,0
886,4980.26,0
887,4866.71,0
888,4172.85,0
889,3706.36,0
891,4143.76,0
894,4594.46,0
895,4179.87,0
896,4526.83,0
897,4824.64,0
898,1211.26,0
899,3487.6,0
900,4424.53,0
901,2971.64,0
902,2440.52,0
903,1983.78,0
904,795.05,0
905,2347.69,0
906,324.08,0
907,4142.9,0
908,2300.1,0
909,4299.29,1
910,158.84,0
911,2724.56,0
912,3811.96,0
913,117.92,0
914,1992.09,0
915,1845.78,0
916,2049.79,0
917,2972.28,0
918,557.2,1
919,3318.54,0
920,326.84,0
921,4601.26,0
922,815.29,0
924,2182.21,0
926,2453.04,0
927,3158.77,0
928,2884.83,0
929,209.15,1
930,3248.29,0
932,2977.23,0
933,761.33,0
934,4965.82,0
935,2953.01,0
936,2500.63,0
937,862.3,0
938,4281.21,0
939,904.13,0
940,53.15,0
941,3411.59,0
943,4672.12,0
944,2209.64,0
945,1735.82,0
946,4613.89,0
947,2819.49,0
948,1170.22,0
949,3142.45,0
950,922.93,0
952,2175.77,0
953,3951.48,0
954,170.63,0
955,4890.49,0
956,952.67,0
957,590.98,0
959,4458.7,0
960,4766.09,0
962,3675.85,0
963,3367.85,0
964,4749.94,0
965,2234.23,0
967,2974.93,0
968,1733.43,0
969,4424.33,0
970,4198.15,0
971,702.57,0
972,975.99,0
973,590.54,0
974,4758.29,0
975,3953.55,0
976,2490.67,0
977,4928.1,0
978,792.02,0
979,1442.03,0
980,2902.28,0
981,3516.22,0
982,3689.7,0
983,2256.15,0
984,1192.43,0
985,2941.4,0
986,4046.73,0
987,577.49,0
988,900.98,0
990,1144.13,0
991,4341.49,0
992,4492.54,0
993,2080.77,0
995,911.05,0
996,2832.03,0
997,4001.38,1
998,4464.83,0
999,4105.11,0
1000,583.55,0
